word,x,y,x+1 dist,x-1 dist,y+1 dist,y-1 dist,width,height,table
TABLE,534,325,151.0,0,327.0,0,118,37,0
7.12.,685,325,171.0,151.0,327.0,0,112,35,0
Compositions,856,325,328.0,171.0,327.0,0,294,45,0
and,1184,325,95.0,328.0,327.0,0,68,35,0
Major,1279,325,153.0,95.0,327.0,0,123,42,0
Phases,1432,325,176.0,153.0,327.0,0,144,35,0
of,1608,325,72.0,176.0,327.0,0,43,36,0
"Supercalcine-Ceramics,",1680,325,825.0,72.0,327.0,0,542,46,0
wt%,857,371,105.0,825.0,327.0,327.0,71,37,0
(adapted,962,371,219.0,105.0,141.0,327.0,191,45,0
from,1181,371,124.0,219.0,141.0,327.0,99,35,0
McCarthy,1305,371,229.0,124.0,141.0,327.0,200,44,0
et,1534,371,76.0,229.0,141.0,327.0,42,32,0
al.,1610,371,98.0,76.0,141.0,327.0,60,37,0
1979),1708,371,807.0,98.0,141.0,327.0,115,45,0
Oxide,912,500,275.0,807.0,141.0,141.0,101,29,1
SPC-2,1187,500,189.0,275.0,107.0,141.0,100,31,1
SPC-2+U,1376,500,228.0,189.0,107.0,141.0,141,31,1
SPC-4,1604,500,188.0,228.0,107.0,141.0,99,30,1
SPC-4+U,1792,500,965.0,188.0,107.0,141.0,143,30,1
Waste,830,568,87.0,965.0,107.0,107.0,103,28,1
U,894,626,41.0,87.0,87.0,87.0,17,28,1
0,935,626,464.0,41.0,32.0,87.0,19,30,1
16.5,1399,626,416.0,464.0,32.0,87.0,78,30,1
16.8,1815,626,899.0,416.0,32.0,87.0,79,31,1
3,917,647,40.0,899.0,32.0,32.0,14,29,1
8,957,647,73.0,40.0,46.0,32.0,17,30,1
Ce0,896,687,296.0,73.0,46.0,46.0,57,30,1
16.3,1192,687,208.0,296.0,68.0,46.0,76,30,1
13.7,1400,687,227.0,208.0,68.0,46.0,78,31,1
6.8,1627,687,208.0,227.0,68.0,46.0,59,31,1
5.6,1835,687,877.0,208.0,68.0,46.0,59,30,1
2,959,710,69.0,877.0,68.0,68.0,15,30,1
RE,896,737,61.0,69.0,69.0,69.0,37,30,1
0,957,737,43.0,61.0,56.0,69.0,19,29,1
(a),1000,737,192.0,43.0,56.0,69.0,51,38,1
19.0,1192,737,209.0,192.0,56.0,69.0,78,30,1
15.9,1401,737,207.0,209.0,56.0,69.0,78,30,1
30.2,1608,737,207.0,207.0,56.0,69.0,75,31,1
25.2,1815,737,877.0,207.0,56.0,69.0,78,31,1
2,939,772,42.0,877.0,56.0,56.0,15,31,1
3,981,772,93.0,42.0,58.0,56.0,14,30,1
Zr0,898,813,315.0,93.0,58.0,58.0,56,31,1
7.6,1213,813,208.0,315.0,66.0,58.0,57,31,1
6.4,1421,813,208.0,208.0,66.0,58.0,56,29,1
7.8,1629,813,206.0,208.0,66.0,58.0,57,32,1
6.5,1835,813,876.0,206.0,66.0,58.0,59,30,1
2,960,835,77.0,876.0,66.0,66.0,15,30,1
Mo0,896,877,315.0,77.0,77.0,77.0,59,29,1
8.0,1211,877,210.0,315.0,69.0,77.0,60,30,1
6.7,1421,877,206.0,210.0,69.0,77.0,57,29,1
8.2,1627,877,208.0,206.0,69.0,77.0,58,30,1
6.8,1835,877,875.0,208.0,69.0,77.0,61,30,1
3,961,898,76.0,875.0,69.0,69.0,15,30,1
P,898,939,41.0,76.0,76.0,76.0,14,27,1
0,939,939,273.0,41.0,32.0,76.0,18,30,1
4.2,1212,939,211.0,273.0,32.0,76.0,58,29,1
3.5,1423,939,205.0,211.0,32.0,76.0,57,31,1
4.3,1628,939,210.0,205.0,32.0,76.0,59,29,1
3.5,1838,939,918.0,210.0,32.0,76.0,57,29,1
2,921,960,40.0,918.0,32.0,32.0,14,29,1
5,961,960,74.0,40.0,46.0,32.0,15,30,1
BaO,899,1000,316.0,74.0,46.0,46.0,59,30,1
2.4,1215,1000,209.0,316.0,62.0,46.0,57,29,1
2.0,1424,1000,206.0,209.0,62.0,46.0,57,30,1
2.5,1630,1000,208.0,206.0,62.0,46.0,57,31,1
2.1,1838,1000,939.0,208.0,62.0,46.0,57,30,1
Sr0,901,1061,315.0,939.0,62.0,62.0,56,30,1
1.6,1216,1061,209.0,315.0,64.0,62.0,56,31,1
1.4,1425,1061,207.0,209.0,64.0,62.0,56,30,1
1.7,1632,1061,209.0,207.0,64.0,62.0,56,30,1
1.4,1841,1061,944.0,209.0,64.0,62.0,55,30,1
Cs,900,1124,61.0,944.0,64.0,64.0,37,30,1
0,961,1124,252.0,61.0,49.0,64.0,18,30,1
4.5,1213,1124,212.0,252.0,49.0,64.0,60,30,1
3.7,1425,1124,205.0,212.0,49.0,64.0,56,29,1
4.6,1630,1124,210.0,205.0,49.0,64.0,58,30,1
3.8,1840,1124,898.0,210.0,49.0,64.0,59,30,1
2,943,1147,59.0,898.0,49.0,49.0,15,30,1
Rb,900,1187,62.0,59.0,59.0,59.0,38,29,1
0,962,1187,252.0,62.0,49.0,59.0,18,29,1
0.5,1214,1187,210.0,252.0,49.0,59.0,59,30,1
0.4,1424,1187,207.0,210.0,49.0,59.0,57,29,1
0.6,1631,1187,207.0,207.0,49.0,59.0,58,30,1
0.5,1838,1187,896.0,207.0,49.0,59.0,60,31,1
2,943,1210,58.0,896.0,49.0,49.0,15,30,1
Na,901,1249,62.0,58.0,58.0,58.0,39,28,1
0,963,1249,252.0,62.0,50.0,58.0,18,29,1
0.2,1215,1249,210.0,252.0,50.0,58.0,58,29,1
0.1,1425,1249,206.0,210.0,50.0,58.0,56,30,1
0.2,1631,1249,208.0,206.0,50.0,58.0,58,30,1
0.2,1839,1249,896.0,208.0,50.0,58.0,59,30,1
2,944,1273,59.0,896.0,50.0,50.0,16,30,1
Ru0,901,1312,315.0,59.0,59.0,59.0,59,30,1
0.5,1216,1312,209.0,315.0,69.0,59.0,58,30,1
0.4,1425,1312,207.0,209.0,69.0,59.0,58,29,1
0.5,1632,1312,208.0,207.0,69.0,59.0,58,31,1
0.4,1840,1312,876.0,208.0,69.0,59.0,59,30,1
2,965,1335,75.0,876.0,69.0,69.0,15,30,1
Fe,902,1375,62.0,75.0,75.0,75.0,39,29,1
0,964,1375,252.0,62.0,49.0,75.0,18,30,1
4.7,1216,1375,212.0,252.0,49.0,75.0,58,30,1
3.9,1428,1375,204.0,212.0,49.0,75.0,57,30,1
4.8,1632,1375,209.0,204.0,49.0,75.0,60,30,1
4.0,1841,1375,897.0,209.0,49.0,75.0,60,30,1
2,945,1398,42.0,897.0,49.0,49.0,15,30,1
3,987,1398,94.0,42.0,58.0,49.0,15,30,1
Cr,903,1438,62.0,94.0,58.0,58.0,38,29,1
0,965,1438,251.0,62.0,49.0,58.0,17,29,1
0.5,1216,1438,210.0,251.0,49.0,58.0,59,31,1
0.4,1426,1438,207.0,210.0,49.0,58.0,58,29,1
0.5,1633,1438,208.0,207.0,49.0,58.0,58,31,1
0.5,1841,1438,896.0,208.0,49.0,58.0,59,30,1
2,946,1461,41.0,896.0,49.0,49.0,15,30,1
3,987,1461,93.0,41.0,58.0,49.0,16,30,1
N10,903,1499,315.0,93.0,58.0,58.0,59,30,1
0.2,1218,1499,209.0,315.0,62.0,58.0,58,30,1
0.2,1427,1499,207.0,209.0,62.0,58.0,57,30,1
0.2,1634,1499,208.0,207.0,62.0,58.0,57,30,1
0.2,1842,1499,940.0,208.0,62.0,58.0,59,30,1
CdO,904,1560,314.0,940.0,62.0,62.0,58,31,1
0.2,1218,1560,210.0,314.0,63.0,62.0,57,30,1
0.1,1428,1560,206.0,210.0,63.0,62.0,54,29,1
0.2,1634,1560,208.0,206.0,63.0,62.0,57,30,1
0.1,1842,1560,941.0,208.0,63.0,62.0,57,30,1
A920,904,1623,730.0,941.0,63.0,63.0,80,49,1
0.1,1634,1623,209.0,730.0,91.0,63.0,57,30,1
0.1,1843,1623,1003.0,209.0,91.0,63.0,58,30,1
Additives,843,1690,86.0,1003.0,91.0,91.0,181,29,1
CaO,907,1747,313.0,86.0,86.0,86.0,57,30,1
4.9,1220,1747,209.0,313.0,63.0,86.0,60,30,1
4.1,1429,1747,209.0,209.0,63.0,86.0,56,30,1
2.1,1638,1747,209.0,209.0,63.0,86.0,54,30,1
1.7,1847,1747,942.0,209.0,63.0,86.0,56,30,1
Sr0,908,1809,316.0,942.0,63.0,63.0,58,30,1
1.2,1224,1809,209.0,316.0,66.0,63.0,56,31,1
1.0,1433,1809,205.0,209.0,66.0,63.0,56,30,1
2.6,1638,1809,208.0,205.0,66.0,63.0,56,30,1
2.1,1846,1809,943.0,208.0,66.0,63.0,56,30,1
Al2,906,1874,64.0,943.0,66.0,66.0,60,51,1
0,970,1874,251.0,64.0,90.0,66.0,17,30,1
4.4,1221,1874,211.0,251.0,90.0,66.0,59,29,1
3.7,1432,1874,205.0,211.0,90.0,66.0,56,30,1
4.5,1637,1874,210.0,205.0,90.0,66.0,58,30,1
3.8,1847,1874,855.0,210.0,90.0,66.0,58,29,1
3,993,1897,92.0,855.0,90.0,90.0,15,30,1
SIO2,910,1935,293.0,92.0,92.0,92.0,77,52,1
19.1,1203,1935,210.0,293.0,90.0,92.0,75,30,1
15.9,1413,1935,207.0,210.0,90.0,92.0,77,31,1
17.6,1620,1935,208.0,207.0,90.0,92.0,76,31,1
14.7,1828,1935,985.0,208.0,90.0,92.0,76,29,1
Waste,845,1996,129.0,985.0,90.0,90.0,102,28,1
loading,974,1996,230.0,129.0,126.0,90.0,139,38,1
70.5%,1204,1996,209.0,230.0,126.0,90.0,101,30,1
75.3%,1413,1996,208.0,209.0,126.0,90.0,99,31,1
73.2%,1621,1996,207.0,208.0,126.0,90.0,98,31,1
77.7%,1828,1996,984.0,207.0,126.0,90.0,101,30,1
(a),852,2121,77.0,984.0,126.0,126.0,52,36,0
RE,929,2121,106.0,77.0,92.0,126.0,39,31,0
"La,",1035,2121,84.0,106.0,92.0,126.0,55,33,0
"Pr,",1119,2121,84.0,84.0,92.0,126.0,56,36,0
"Nd,",1203,2121,85.0,84.0,92.0,126.0,56,34,0
"Sm,",1288,2121,84.0,85.0,92.0,126.0,55,35,0
"Eu,",1372,2121,81.0,84.0,92.0,126.0,54,35,0
"Gd,",1453,2121,84.0,81.0,92.0,126.0,55,35,0
Y,1537,2121,46.0,84.0,92.0,126.0,15,26,0
(plus,1583,2121,117.0,46.0,92.0,126.0,93,37,0
RE,1700,2121,66.0,117.0,92.0,126.0,38,31,0
as,1766,2121,63.0,66.0,92.0,126.0,35,22,0
a,1829,2121,897.0,63.0,92.0,126.0,16,22,0
stand-in,933,2163,185.0,897.0,92.0,92.0,162,31,0
for,1118,2163,84.0,185.0,201.0,92.0,61,31,0
Am,1202,2163,64.0,84.0,201.0,92.0,43,28,0
+,1266,2163,40.0,64.0,201.0,92.0,18,19,0
Cm).,1306,2163,250.0,40.0,201.0,92.0,78,37,0
Supercalcine,1090,2288,271.0,250.0,201.0,201.0,247,37,0
Crystalline,1361,2288,249.0,271.0,160.0,201.0,225,38,0
Phases,1610,2288,662.0,249.0,160.0,201.0,120,30,0
Nominal,954,2371,166.0,662.0,160.0,160.0,139,31,1
Composition,1120,2371,461.0,166.0,66.0,160.0,229,36,1
Structure,1581,2371,206.0,461.0,66.0,160.0,183,30,1
Type,1787,2371,831.0,206.0,66.0,160.0,83,34,1
"(Ca,S62RE8(S104)602",959,2436,682.0,831.0,66.0,66.0,411,52,1
Apatite,1641,2436,61.0,682.0,685.0,66.0,144,36,1
Monazite,1641,2497,683.0,61.0,685.0,685.0,166,30,1
"(U,Ce,Zr,RE)Oz+x",960,2538,683.0,683.0,683.0,683.0,327,47,1
Fluorite,1643,2538,685.0,683.0,41.0,683.0,165,31,1
"(Cs,Rb,Na)A1Si206",960,2579,684.0,685.0,41.0,41.0,350,52,1
Pollucite,1644,2579,686.0,684.0,63.0,41.0,184,31,1
"(Ca,Sr,8a)Mo04",961,2641,685.0,686.0,63.0,63.0,285,39,1
Scheelite,1646,2641,686.0,685.0,44.0,63.0,183,31,1
"(Fe,C6203",962,2684,682.0,686.0,44.0,44.0,201,52,1
Corundum,1644,2684,685.0,682.0,61.0,44.0,165,30,1
"(Ni,Fe)(Fe,Cr)204",962,2745,685.0,685.0,61.0,61.0,348,51,1
Spinel,1647,2745,692.0,685.0,63.0,61.0,115,36,1
Ru0,958,2807,689.0,692.0,63.0,63.0,59,29,1
Rutile,1647,2807,625.0,689.0,71.0,63.0,122,30,1
2,1023,2833,363.0,625.0,71.0,71.0,15,30,1
7.29,1362,2960,0,363.0,363.0,363.0,96,37,0
