word,x,y,x+1 dist,x-1 dist,y+1 dist,y-1 dist,width,height,table
Columns,339,274,908.0,0,101.0,0,175,36,1
Quantity,1247,274,926.0,908.0,101.0,0,196,42,1
Format,2173,274,1812.0,926.0,101.0,0,149,36,1
66-70,364,371,327.0,1812.0,101.0,101.0,125,35,1
Stiffness,691,371,254.0,327.0,398.0,101.0,226,39,1
matrix,945,371,177.0,254.0,398.0,101.0,149,38,1
option,1122,371,177.0,177.0,398.0,101.0,147,43,1
[SMOPT],1299,371,876.0,177.0,398.0,101.0,165,45,1
15,2175,371,1439.0,876.0,398.0,101.0,46,35,1
EQ.1:,742,494,153.0,1439.0,398.0,398.0,118,39,1
Hughes,895,494,177.0,153.0,155.0,398.0,150,44,1
B,1072,494,55.0,177.0,155.0,398.0,24,41,1
(default),1127,494,416.0,55.0,155.0,398.0,215,44,1
EQ.2:,742,649,155.0,416.0,155.0,155.0,121,39,1
old,897,649,102.0,155.0,403.0,155.0,75,36,1
NIKE2D,999,649,179.0,102.0,403.0,155.0,151,37,1
formulation,1178,649,824.0,179.0,403.0,155.0,268,38,1
71-75,368,799,324.0,824.0,403.0,403.0,122,37,1
Number,692,799,179.0,324.0,335.0,403.0,150,36,1
of,871,799,77.0,179.0,335.0,403.0,50,38,1
eigenvalues,948,799,300.0,77.0,335.0,403.0,271,46,1
and,1248,799,98.0,300.0,335.0,403.0,72,38,1
eigenvectors,1346,799,325.0,98.0,335.0,403.0,296,46,1
to,1671,799,78.0,325.0,335.0,403.0,48,37,1
[NEIG],1749,799,424.0,78.0,335.0,403.0,142,45,1
15,2173,799,1481.0,424.0,335.0,403.0,47,36,1
be,694,875,76.0,1481.0,335.0,335.0,49,35,1
extracted,770,875,427.0,76.0,356.0,335.0,229,37,1
76-80,369,1020,325.0,427.0,356.0,356.0,126,35,1
Load,694,1020,129.0,325.0,337.0,356.0,101,36,1
curve,823,1020,152.0,129.0,337.0,356.0,125,28,1
number,975,1020,178.0,152.0,337.0,356.0,149,36,1
for,1153,1020,96.0,178.0,337.0,356.0,70,36,1
magnetic,1249,1020,223.0,96.0,337.0,356.0,197,46,1
body,1472,1020,128.0,223.0,337.0,356.0,98,44,1
force,1600,1020,150.0,128.0,337.0,356.0,121,37,1
loads,1750,1020,150.0,150.0,337.0,356.0,121,41,1
if,1900,1020,74.0,150.0,337.0,356.0,49,38,1
any,1974,1020,201.0,74.0,337.0,356.0,73,35,1
15,2175,1020,1480.0,201.0,337.0,356.0,44,35,1
[MBFL],697,1094,272.0,1480.0,337.0,337.0,144,46,1
If,475,1250,73.0,272.0,272.0,272.0,45,35,0
a,548,1250,53.0,73.0,147.0,272.0,22,27,0
frequency,601,1250,250.0,53.0,147.0,272.0,221,45,0
analysis,851,1250,229.0,250.0,147.0,272.0,199,44,0
is,1080,1250,73.0,229.0,147.0,272.0,46,37,0
"desired,",1153,1250,222.0,73.0,147.0,272.0,191,43,0
NIKE2D,1375,1250,175.0,222.0,147.0,272.0,150,35,0
will,1550,1250,126.0,175.0,147.0,272.0,98,37,0
compute,1676,1250,202.0,126.0,147.0,272.0,174,43,0
the,1878,1250,99.0,202.0,147.0,272.0,72,36,0
desired,1977,1250,1633.0,99.0,147.0,272.0,171,36,0
number,346,1320,176.0,1633.0,147.0,147.0,147,35,0
of,522,1320,76.0,176.0,79.0,147.0,49,36,0
eigenvalues,598,1320,303.0,76.0,79.0,147.0,273,45,0
and,901,1320,102.0,303.0,79.0,147.0,74,35,0
eigenvectors,1003,1320,322.0,102.0,79.0,147.0,294,44,0
and,1325,1320,98.0,322.0,79.0,147.0,72,36,0
will,1423,1320,126.0,98.0,79.0,147.0,97,37,0
terminate.,1549,1320,301.0,126.0,79.0,147.0,243,37,0
The,1850,1320,100.0,301.0,79.0,147.0,73,35,0
normalized,1950,1320,1604.0,100.0,79.0,147.0,246,37,0
eigenvectors,348,1398,327.0,1604.0,79.0,79.0,297,46,0
are,675,1398,100.0,327.0,74.0,79.0,73,28,0
written,775,1398,206.0,100.0,74.0,79.0,177,37,0
into,981,1398,125.0,206.0,74.0,79.0,97,37,0
the,1106,1398,98.0,125.0,74.0,79.0,72,36,0
binary,1204,1398,173.0,98.0,74.0,79.0,146,44,0
plotfile.,1377,1398,274.0,173.0,74.0,79.0,217,45,0
ORION,1651,1398,150.0,274.0,74.0,79.0,125,35,0
will,1801,1398,127.0,150.0,74.0,79.0,99,37,0
plot,1928,1398,125.0,127.0,74.0,79.0,97,44,0
the,2053,1398,97.0,125.0,74.0,79.0,71,35,0
mode,2150,1398,1804.0,97.0,74.0,79.0,98,35,0
shapes,348,1472,176.0,1804.0,74.0,74.0,146,41,0
if,524,1472,75.0,176.0,77.0,74.0,47,36,0
the,599,1472,99.0,75.0,77.0,74.0,71,35,0
user,698,1472,127.0,99.0,77.0,74.0,98,27,0
requests,825,1472,229.0,127.0,77.0,74.0,199,44,0
deformed,1054,1472,224.0,229.0,77.0,74.0,196,37,0
shape,1278,1472,147.0,224.0,77.0,74.0,121,41,0
plots.,1425,1472,201.0,147.0,77.0,74.0,142,43,0
The,1626,1472,100.0,201.0,77.0,74.0,72,37,0
circular,1726,1472,228.0,100.0,77.0,74.0,198,38,0
frequency,1954,1472,1607.0,228.0,77.0,74.0,220,44,0
corresponding,349,1548,352.0,1607.0,77.0,77.0,324,45,0
to,701,1548,76.0,352.0,79.0,77.0,47,36,0
the,777,1548,100.0,76.0,79.0,77.0,73,36,0
mode,877,1548,129.0,100.0,79.0,77.0,102,35,0
shape,1006,1548,151.0,129.0,79.0,77.0,123,42,0
is,1157,1548,73.0,151.0,79.0,77.0,46,37,0
printed,1230,1548,199.0,73.0,79.0,77.0,172,45,0
in,1429,1548,73.0,199.0,79.0,77.0,47,37,0
place,1502,1548,152.0,73.0,79.0,77.0,125,45,0
of,1654,1548,75.0,152.0,79.0,77.0,50,38,0
the,1729,1548,101.0,75.0,79.0,77.0,74,37,0
time,1830,1548,124.0,101.0,79.0,77.0,97,37,0
word,1954,1548,126.0,124.0,79.0,77.0,99,36,0
on,2080,1548,73.0,126.0,79.0,77.0,46,28,0
each,2153,1548,1806.0,73.0,79.0,77.0,98,34,0
plot.,349,1627,896.0,1806.0,79.0,79.0,118,42,0
Card,1232,1777,125.0,896.0,896.0,896.0,99,36,0
3,1357,1777,1008.0,125.0,883.0,896.0,22,35,0
Columns,352,1847,906.0,1008.0,883.0,883.0,173,36,1
Quantity,1258,1847,922.0,906.0,89.0,883.0,196,41,1
Format,2180,1847,1778.0,922.0,89.0,883.0,148,36,1
1-5,404,1919,298.0,1778.0,89.0,89.0,72,35,1
Geometry,702,1919,230.0,298.0,368.0,89.0,200,43,1
type,932,1919,128.0,230.0,368.0,89.0,97,44,1
[PLANE],1060,1919,1122.0,128.0,368.0,89.0,166,44,1
15,2182,1919,1432.0,1122.0,368.0,89.0,45,36,1
EQ.0:,755,2028,153.0,1432.0,368.0,368.0,118,38,1
axisymmetric,908,2028,186.0,153.0,103.0,368.0,300,45,1
EQ.1:,753,2130,153.0,186.0,103.0,103.0,119,39,1
plane,906,2130,152.0,153.0,364.0,103.0,125,43,1
strain,1058,2130,663.0,152.0,364.0,103.0,149,37,1
6-10,402,2223,303.0,663.0,364.0,364.0,101,35,1
Bandwidth,705,2223,254.0,303.0,369.0,364.0,228,36,1
minimization,959,2223,330.0,254.0,369.0,364.0,300,38,1
flag,1289,2223,123.0,330.0,369.0,364.0,95,46,1
[BWMO],1412,2223,775.0,123.0,369.0,364.0,142,45,1
15,2187,2223,1436.0,775.0,369.0,364.0,45,35,1
EQ.0:,755,2328,153.0,1436.0,369.0,369.0,119,37,1
bandwidth,908,2328,255.0,153.0,105.0,369.0,225,37,1
is,1163,2328,72.0,255.0,105.0,369.0,44,38,1
not,1235,2328,97.0,72.0,105.0,369.0,71,37,1
minimized,1332,2328,585.0,97.0,105.0,369.0,223,39,1
EQ.1:,757,2432,153.0,585.0,105.0,105.0,119,37,1
bandwidth,910,2432,327.0,153.0,408.0,105.0,226,36,1
minimized,1237,2432,74.0,327.0,408.0,105.0,223,38,1
is,1164,2433,0,74.0,408.0,408.0,46,37,1
